Details: 0-100000
Count on fridge: 0-200
Speed : 0-200
Employees: 0-50
Rhythm: 0-5
Tact: 0-1.50
Defect: 0-100

SupposedCount: 0-5000
Time: 0-1000

{ 0-100000, 0-200, 0-200, 0-50, 0-5, 0-1.50, 0-100, 0-5000, 0-1000 }

#0
{
30000, 93, 89, 15, 1.1, 1, 3, 300, 310 : 1, 0
}
#1
{
60000, 93, 89, 15, 1.1, 1, 3, 600, 620 : 1, 0
}
#2
{
15000, 93, 89, 15, 1.1, 1, 3, 150, 155 : 1, 0
}
#3
{
30000, 93, 89, 15, 1.1, 1, 10, 300, 310 : 0, 1
}
#4
{
30000, 93, 89, 15, 1.1, 1, 30, 300, 310 : 0, 1
}
#5
{
10000, 93, 89, 15, 1.1, 1, 2, 100, 110 : 1, 0
}
#6
{
10000, 93, 89, 10, 1.1, 1, 15, 100, 110 : 0, 1
}
#7
{
15000, 93, 89, 10, 1.1, 1, 1, 100, 105 : 0, 1
}
#8
{
1000, 93, 89, 10, 1.1, 1, 0, 9, 9  : 1, 0
}
#9
{
1000, 93, 89, 10, 1.1, 1, 10, 9, 9  : 0, 1
}
#10
{
15000, 100, 89, 15, 1.1, 1, 1, 150, 155 : 0, 1
}
#11
{
15000, 100, 100, 15, 1.1, 1, 1, 150, 150 : 1, 0
}
#12
{
20000, 90, 88, 15, 1.1, 1, 1, 190, 200 : 1, 0
}
#13
{
20000, 90, 88, 15, 1.1, 1, 1, 100, 200 : 1, 0
}
#14
{
20000, 90, 88, 15, 1.1, 1, 1, 50, 200 : 1, 0
}
#15
{
20000, 100, 88, 15, 1.1, 1, 1, 200, 200 : 0, 1
}
#16
{
20000, 100, 88, 15, 1.1, 1, 0, 200, 200 : 1, 0
}
#17
{
15000, 100, 88, 15, 1.1, 1, 2, 50, 100 : 1, 0
}
#18
{
10000, 88, 83, 15, 1.1, 1, 2, 40, 50 : 1, 0
}
#19
{
5000, 88, 83, 15, 1.1, 1, 2, 40, 50 : 0, 1
}
#20
{
15000, 88, 83, 15, 1.1, 1, 2, 100, 100 : 1, 0
}
#21
{
25000, 110, 83, 15, 1.1, 1, 2, 150, 200 : 1, 0
}
#22
{
25000, 110, 83, 16, 1.1, 1, 2, 150, 200 : 1, 0
}
#23
{
5000, 88, 83, 20, 1.1, 1, 2, 40, 50 : 1, 0
}
#24
{
3000, 88, 83, 20, 1.1, 1, 2, 30, 35 : 1, 0
}
#25
{
3000, 88, 83, 20, 1.1, 0.3, 2, 30, 35 : 0, 1
}
#26
{
3000, 88, 83, 20, 1.1, 0.5, 2, 30, 35 : 0, 1
}
#27
{
3000, 88, 83, 20, 1.1, 1.5, 2, 30, 35 : 1, 0
}
#28
{
3000, 88, 83, 20, 1.1, 1.3, 2, 30, 35 : 1, 0
}
#29
{
3000, 88, 83, 20, 0.5, 1.3, 2, 30, 35 : 1, 0
}
#30
{
3000, 88, 83, 20, 5, 1.3, 2, 30, 35 : 0, 1
}
#31
{
3000, 88, 83, 20, 4.5, 1.3, 2, 30, 35 : 0, 1
}
#32
{
3000, 88, 83, 20, 3.5, 1.3, 2, 30, 35 : 0, 1
}
#33
{
20000, 90, 88, 15, 0.3, 1, 1, 190, 200 : 1, 0
}
#34
{
15000, 93, 89, 10, 0.2, 1, 1, 100, 105 : 1, 0
}
#35
{
15000, 93, 89, 30, 0.2, 1, 1, 100, 105 : 1, 0
}
#36
{
15000, 10, 89, 30, 4, 1, 1, 100, 105 : 1, 0
}
#37
{
15000, 50, 89, 30, 5, 1.5, 1, 100, 105 : 1, 0
}
#38
{
15000, 90, 89, 30, 5, 1.5, 10, 130, 105 : 0, 1
}
#39
{
55000, 90, 89, 30, 1.2, 1, 1, 400, 450 : 1, 0
}
#40
{
55000, 90, 89, 30, 1.2, 1, 1, 550, 600 : 0, 1
}
#41
{
55000, 190, 89, 30, 1.2, 1, 1, 400, 450 : 0, 1
}
#42
{
55000, 90, 89, 30, 1.2, 1, 90, 400, 450 : 0, 1
}
#43
{
55000, 90, 10, 30, 1.2, 1, 1, 400, 450 : 0, 1
}
#44
{
40000, 90, 10, 30, 1.2, 1, 0, 400, 450 : 1, 0
}
#45
{
40000, 90, 10, 30, 1.2, 1, 0, 401, 450 : 0, 1
}
#46
{
30000, 90, 10, 30, 1.2, 1, 0, 401, 450 : 0, 1
}
#47
{
20000, 80, 10, 30, 1.2, 1, 0, 200, 250 : 1, 0
}
#48
{
10000, 80, 10, 30, 1.2, 1, 0, 90, 90 : 1, 0
}
#49
{
10000, 80, 10, 30, 1.2, 1, 0, 90, 90 : 0, 1
}
#50
{
10000, 30, 10, 30, 1.2, 1, 10, 90, 90 : 1, 0
}
#51
{
10000, 30, 10, 30, 1.2, 1, 10, 90, 90 : 0, 1
}
#52
{
10000, 30, 10, 30, 1.2, 1, 20, 90, 90 : 0, 1
}
#52
{
10000, 30, 10, 30, 1.2, 1, 90, 90, 90 : 0, 1
}
#53
{
30000, 93, 89, 15, 1.1, 1, 60, 300, 310 : 0, 1
}